8.000000000e-01
8.000000000e-01
8.000000000e-01
8.000000000e-01
8.000000000e-01
8.000000000e-01
8.000000000e-01
8.000000000e-01
7.860179000e-01
7.569510000e-01
7.278124000e-01
6.985173000e-01
6.690143000e-01
6.392382000e-01
6.091479000e-01
5.787064000e-01
5.478616000e-01
5.165933000e-01
4.849989000e-01
4.530953000e-01
4.211911000e-01
3.898228000e-01
3.598483000e-01
3.325460000e-01
3.097010000e-01
2.939741000e-01
2.874108000e-01
2.914345000e-01
3.051865000e-01
3.259039000e-01
3.517237000e-01
3.777366000e-01
4.034999000e-01
4.251442000e-01
4.431976000e-01
4.569074000e-01
4.663537000e-01
4.711252000e-01
4.729827000e-01
5.173144000e-01
5.632360000e-01
6.006622000e-01
6.315360000e-01
6.557051000e-01
6.745269000e-01
6.882064000e-01
6.966365000e-01
7.010159000e-01
7.017341000e-01
6.982526000e-01
6.930487000e-01
6.843606000e-01
6.744737000e-01
6.625088000e-01
6.488792000e-01
6.347578000e-01
6.194309000e-01
6.037090000e-01
5.887171000e-01
5.699116000e-01
5.562041000e-01
5.394960000e-01
5.235139000e-01
5.097299000e-01
4.919238000e-01
4.898963000e-01
4.686459000e-01
4.643744000e-01
4.620800000e-01
4.557226000e-01
4.518012000e-01
4.435031000e-01
4.653487000e-01
4.399511000e-01
4.371087000e-01
4.438067000e-01
4.022548000e-01
3.947433000e-01
3.291210000e-01
2.206959000e-01
6.006938000e-02
0.000000000e+00
0.000000000e+00
0.000000000e+00
0.000000000e+00
0.000000000e+00
0.000000000e+00
0.000000000e+00
0.000000000e+00
0.000000000e+00
0.000000000e+00
0.000000000e+00
0.000000000e+00
0.000000000e+00
0.000000000e+00
0.000000000e+00
0.000000000e+00
0.000000000e+00
0.000000000e+00
0.000000000e+00
0.000000000e+00
0.000000000e+00
0.000000000e+00
0.000000000e+00
0.000000000e+00
0.000000000e+00
0.000000000e+00
0.000000000e+00
0.000000000e+00
0.000000000e+00
0.000000000e+00
0.000000000e+00
0.000000000e+00
0.000000000e+00
0.000000000e+00
0.000000000e+00
0.000000000e+00
0.000000000e+00
0.000000000e+00
0.000000000e+00
0.000000000e+00
0.000000000e+00
0.000000000e+00
0.000000000e+00
0.000000000e+00
0.000000000e+00
0.000000000e+00
0.000000000e+00
0.000000000e+00
0.000000000e+00
0.000000000e+00
0.000000000e+00
0.000000000e+00
0.000000000e+00
0.000000000e+00
0.000000000e+00
0.000000000e+00
0.000000000e+00
0.000000000e+00
0.000000000e+00
0.000000000e+00
0.000000000e+00
0.000000000e+00
0.000000000e+00
0.000000000e+00
0.000000000e+00
0.000000000e+00
0.000000000e+00
0.000000000e+00
0.000000000e+00
0.000000000e+00
0.000000000e+00
0.000000000e+00
0.000000000e+00
0.000000000e+00
0.000000000e+00
