0.000000000e+00
0.000000000e+00
1.880753905e-04
3.414996431e-03
2.384164914e-02
1.327756817e-01
2.753273728e-01
3.790664551e-01
4.765924147e-01
5.677211744e-01
6.327554412e-01
6.581548933e-01
6.847538229e-01
7.296827033e-01
7.641956530e-01
7.802778216e-01
7.893510890e-01
7.943773574e-01
7.965314448e-01
7.960590039e-01
7.866170670e-01
7.795879397e-01
7.804655779e-01
7.820279519e-01
7.833464628e-01
7.854689703e-01
7.857409470e-01
7.840138966e-01
7.837916859e-01
7.814667718e-01
7.772422740e-01
7.721897145e-01
7.671920669e-01
7.619869621e-01
7.575203263e-01
7.504345736e-01
7.444335221e-01
7.441413007e-01
7.451509720e-01
7.453150985e-01
7.419961647e-01
7.338876195e-01
7.324259260e-01
7.368992336e-01
7.408973640e-01
7.459946006e-01
7.470236018e-01
7.427023434e-01
7.491489420e-01
7.590093785e-01
7.630788814e-01
7.643473531e-01
7.648872818e-01
7.620945334e-01
7.609381260e-01
7.667381212e-01
7.734557429e-01
7.787031924e-01
7.839672968e-01
7.863554403e-01
7.863867879e-01
7.878714593e-01
7.871468124e-01
7.851255819e-01
7.844604331e-01
7.841293114e-01
7.870847287e-01
7.943162655e-01
7.953495914e-01
7.916277688e-01
7.874083781e-01
7.832908299e-01
7.820925079e-01
7.805747640e-01
7.790760359e-01
7.782469217e-01
7.760147675e-01
7.740271306e-01
7.727726321e-01
7.693581930e-01
7.658559153e-01
7.626716123e-01
7.564259393e-01
7.505870043e-01
7.435606822e-01
7.360002394e-01
7.292627600e-01
7.206955744e-01
7.120453699e-01
7.049114095e-01
6.970917068e-01
6.912259514e-01
6.885573967e-01
6.856857266e-01
6.840592809e-01
6.823060181e-01
6.786598521e-01
