1.000000047e-03
1.000000047e-03
5.881166551e-03
1.000000047e-03
1.000000047e-03
6.328983605e-02
4.447536767e-01
6.104251742e-01
6.763762236e-01
6.483711600e-01
6.216697097e-01
5.962060094e-01
5.719178915e-01
5.487464070e-01
5.266357660e-01
5.055331588e-01
4.853886962e-01
4.661549628e-01
4.477871358e-01
4.302427769e-01
4.134816229e-01
3.974655569e-01
3.821584582e-01
3.675260246e-01
3.535357714e-01
3.401569128e-01
3.273602426e-01
3.151179850e-01
3.034038544e-01
2.921929359e-01
2.814614773e-01
2.711870074e-01
2.613481581e-01
2.519246638e-01
2.428972423e-01
2.342476100e-01
2.259583473e-01
2.180129439e-01
2.103956938e-01
2.030916363e-01
1.960866004e-01
1.893670708e-01
1.829201877e-01
1.767337769e-01
1.707961410e-01
1.650962681e-01
1.839825213e-01
2.081699520e-01
2.308230400e-01
2.511027455e-01
2.683149278e-01
2.819549739e-01
2.917290628e-01
2.975523770e-01
2.995279431e-01
2.979118526e-01
2.930714786e-01
2.854419649e-01
2.754869759e-01
2.636651993e-01
2.504058480e-01
2.360919863e-01
2.210521847e-01
2.055584788e-01
1.898297817e-01
1.740388274e-01
1.583219916e-01
1.427900046e-01
1.275394559e-01
1.126633584e-01
9.826044738e-02
8.444153517e-02
7.133264840e-02
5.907324702e-02
4.780939594e-02
3.768183663e-02
2.880996279e-02
2.127413824e-02
1.509977877e-02
1.024719328e-02
6.610737182e-03
4.028852563e-03
1.000000047e-03
1.000000047e-03
1.000000047e-03
1.000000047e-03
1.000000047e-03
1.000000047e-03
1.000000047e-03
1.000000047e-03
1.000000047e-03
1.000000047e-03
1.000000047e-03
1.000000047e-03
1.000000047e-03
1.000000047e-03
1.000000047e-03
