0.000000000e+00
0.000000000e+00
0.000000000e+00
0.000000000e+00
0.000000000e+00
0.000000000e+00
0.000000000e+00
2.274491325e-06
5.473861298e-06
9.233952863e-06
1.341680147e-05
1.787470850e-05
2.245871128e-05
2.702547206e-05
3.144217431e-05
3.559091998e-05
3.937102100e-05
4.270118052e-05
4.551989781e-05
4.778628288e-05
4.947894282e-05
5.059501470e-05
5.114894039e-05
5.117098884e-05
5.070452083e-05
4.980383974e-05
4.853415470e-05
4.696492669e-05
4.517122914e-05
4.323088197e-05
4.122200413e-05
3.922033703e-05
3.729667406e-05
3.551963977e-05
3.394910009e-05
3.263856263e-05
3.163177185e-05
3.096020714e-05
3.065597077e-05
3.072589971e-05
3.118579002e-05
3.201907124e-05
3.321669884e-05
3.475673367e-05
3.661020398e-05
3.872831955e-05
4.107507074e-05
4.360678234e-05
4.626764896e-05
4.899052504e-05
5.173123701e-05
5.441869172e-05
5.701258714e-05
5.946712681e-05
6.171167946e-05
6.371544145e-05
6.544766247e-05
6.683269326e-05
6.790958740e-05
6.860699305e-05
6.896142784e-05
6.895068083e-05
6.856551103e-05
6.784679754e-05
6.679652102e-05
6.545016298e-05
6.388118030e-05
6.199198694e-05
6.000424398e-05
5.784772320e-05
5.557623420e-05
5.326923873e-05
5.084373422e-05
4.865650027e-05
4.628006343e-05
4.404839190e-05
4.195652640e-05
3.989893982e-05
3.788734602e-05
3.583663867e-05
3.413734987e-05
3.212732717e-05
3.012196326e-05
2.825172325e-05
2.600805586e-05
2.379662674e-05
2.130285325e-05
1.861403123e-05
1.601873589e-05
1.355339740e-05
1.074354665e-05
8.137083296e-06
6.373684226e-06
5.618879506e-06
6.780022704e-06
9.740607062e-06
1.650083910e-05
