       22.09999999999999786837
       22.15959885386819294695
       22.21919770773638802552
       22.27879656160458310410
       22.33839541547277818268
       22.39799426934097326125
       22.45759312320916833983
       22.51719197707736341840
       22.57679083094555494426
       22.63638968481375002284
       22.69598853868194510142
       22.75558739255014017999
       22.81518624641833525857
       22.87478510028653033714
       22.93438395415472541572
       22.99398280802292049430
       23.05358166189111557287
       23.11318051575931065145
       23.17277936962750573002
       23.23237822349570080860
       23.29197707736389588717
       23.35157593123209096575
       23.41117478510028604433
       23.47077363896847757019
       23.53037249283667264876
       23.58997134670486772734
       23.64957020057306280592
       23.70916905444125788449
       23.76876790830945296307
       23.82836676217764804164
       23.88796561604584312022
       23.94756446991403819879
       24.00716332378223327737
       24.06676217765042835595
       24.12636103151862343452
       24.18595988538681851310
       24.24555873925501359167
       24.30515759312320867025
       24.36475644699140019611
       24.42435530085959527469
       24.48395415472779035326
       24.54355300859598543184
       24.60315186246418051041
       24.66275071633237558899
       24.72234957020057066757
       24.78194842406876574614
       24.84154727793696082472
       24.90114613180515590329
       24.96074498567335098187
       25.02034383954154606045
       25.07994269340974113902
       25.13954154727793621760
       25.19914040114613129617
       25.25873925501432282203
       25.31833810888251790061
       25.37793696275071297919
       25.43753581661890805776
       25.49713467048710313634
       25.55673352435529821491
       25.61633237822349329349
       25.67593123209168837207
       25.73553008595988345064
       25.79512893982807852922
       25.85472779369627360779
       25.91432664756446868637
       25.97392550143266376494
       26.03352435530085884352
       26.09312320916905392210
       26.15272206303724544796
       26.21232091690544052653
       26.27191977077363560511
       26.33151862464183068369
       26.39111747851002576226
       26.45071633237822084084
       26.51031518624641591941
       26.56991404011461099799
       26.62951289398280607656
       26.68911174785100115514
       26.74871060171919623372
       26.80830945558739131229
       26.86790830945558639087
       26.92750716332378146944
       26.98710601719197654802
       27.04670487106016807388
       27.10630372492836315246
       27.16590257879655823103
       27.22550143266475330961
       27.28510028653294838819
       27.34469914040114346676
       27.40429799426933854534
       27.46389684813753362391
       27.52349570200572870249
       27.58309455587392378106
       27.64269340974211885964
       27.70229226361031393822
       27.76189111747850901679
       27.82148997134670409537
       27.88108882521489917394
       27.94068767908309069981
       28.00028653295128577838
       28.05988538681948085696
       28.11948424068767593553
       28.17908309455587101411
       28.23868194842406609268
       28.29828080229226117126
       28.35787965616045624984
       28.41747851002865132841
       28.47707736389684640699
       28.53667621776504148556
       28.59627507163323656414
       28.65587392550143164272
       28.71547277936962672129
       28.77507163323782179987
       28.83467048710601332573
       28.89426934097420840430
       28.95386819484240348288
       29.01346704871059856146
       29.07306590257879364003
       29.13266475644698871861
       29.19226361031518379718
       29.25186246418337887576
       29.31146131805157395434
       29.37106017191976903291
       29.43065902578796411149
       29.49025787965615919006
       29.54985673352435426864
       29.60945558739254934721
       29.66905444126074442579
       29.72865329512893595165
       29.78825214899713103023
       29.84785100286532610880
       29.90744985673352118738
       29.96704871060171626596
       30.02664756446991134453
       30.08624641833810642311
       30.14584527220630150168
       30.20544412607449658026
       30.26504297994269165883
       30.32464183381088673741
       30.38424068767908181599
       30.44383954154727689456
       30.50343839541547197314
       30.56303724928366705171
       30.62263610315186213029
       30.68223495702005365615
       30.74183381088824873473
       30.80143266475644381330
       30.86103151862463889188
       30.92063037249283397045
       30.98022922636102904903
       31.03982808022922412761
       31.09942693409741920618
       31.15902578796561428476
       31.21862464183380936333
       31.27822349570200444191
       31.33782234957019952049
       31.39742120343839459906
       31.45702005730658967764
       31.51661891117478475621
       31.57621776504297628207
       31.63581661891117136065
       31.69541547277936643923
       31.75501432664756151780
       31.81461318051575659638
       31.87421203438395167495
       31.93381088825214675353
       31.99340974212034183211
       32.05300859598853691068
       32.11260744985673198926
       32.17220630372492706783
       32.23180515759312214641
       32.29140401146131722498
       32.35100286532951230356
       32.41060171919770738214
       32.47020057306590246071
       32.52979942693409753929
       32.58939828080229261786
       32.64899713467048769644
       32.70859598853868277502
       32.76819484240687785359
       32.82779369627507293217
       32.88739255014326090532
       32.94699140401145598389
       33.00659025787965106247
       33.06618911174784614104
       33.12578796561604121962
       33.18538681948423629819
       33.24498567335243137677
       33.30458452722062645535
       33.36418338108882153392
       33.42378223495701661250
       33.48338108882521169107
       33.54297994269340676965
       33.60257879656160184823
       33.66217765042979692680
       33.72177650429799200538
       33.78137535816618708395
       33.84097421203438216253
       33.90057306590257724110
       33.96017191977077231968
       34.01977077363896739826
       34.07936962750716247683
       34.13896848137535755541
       34.19856733524355263398
       34.25816618911174771256
       34.31776504297994279113
       34.37736389684813786971
       34.43696275071633294829
       34.49656160458452802686
       34.55616045845272310544
       34.61575931232091818401
       34.67535816618910615716
       34.73495702005730123574
       34.79455587392549631431
       34.85415472779369139289
       34.91375358166188647147
       34.97335243553008155004
       35.03295128939827662862
       35.09255014326647170719
       35.15214899713466678577
       35.21174785100286186434
       35.27134670487105694292
       35.33094555873925202150
       35.39054441260744710007
       35.45014326647564217865
       35.50974212034383725722
       35.56934097421203233580
       35.62893982808022741438
       35.68853868194842249295
       35.74813753581661757153
       35.80773638968481265010
       35.86733524355300772868
       35.92693409742120280725
       35.98653295128939788583
       36.04613180515759296441
       36.10573065902578804298
       36.16532951289398312156
       36.22492836676217820013
       36.28452722063037327871
       36.34412607449856835728
       36.40372492836676343586
       36.46332378223495140901
       36.52292263610314648759
       36.58252148997134156616
       36.64212034383953664474
       36.70171919770773172331
       36.76131805157592680189
       36.82091690544412188046
       36.88051575931231695904
       36.94011461318051203762
       36.99971346704870711619
       37.05931232091690219477
       37.11891117478509727334
       37.17851002865329235192
       37.23810888252148743049
       37.29770773638968250907
       37.35730659025787758765
       37.41690544412607266622
       37.47650429799426774480
       37.53610315186246282337
       37.59570200573065790195
       37.65530085959885298053
       37.71489971346704805910
       37.77449856733524313768
       37.83409742120343821625
       37.89369627507163329483
       37.95329512893982837340
       38.01289398280802345198
       38.07249283667621853056
       38.13209169054441360913
       38.19169054441260868771
       38.25128939828080376628
       38.31088825214899173943
       38.37048710601718681801
       38.43008595988538189658
       38.48968481375357697516
       38.54928366762177205374
       38.60888252148996713231
       38.66848137535816221089
       38.72808022922635728946
       38.78767908309455236804
       38.84727793696274744661
       38.90687679083094252519
       38.96647564469913760377
       39.02607449856733268234
       39.08567335243552776092
       39.14527220630372283949
       39.20487106017191791807
       39.26446991404011299664
       39.32406876790830807522
       39.38366762177650315380
       39.44326647564469823237
       39.50286532951289331095
       39.56246418338108838952
       39.62206303724928346810
       39.68166189111747854668
       39.74126074498567362525
       39.80085959885386870383
       39.86045845272206378240
       39.92005730659025886098
       39.97965616045845393955
       40.03925501432664901813
       40.09885386819483699128
       40.15845272206303206985
       40.21805157593122714843
       40.27765042979942222701
       40.33724928366761730558
       40.39684813753581238416
       40.45644699140400746273
       40.51604584527220254131
       40.57564469914039761989
       40.63524355300859269846
       40.69484240687678777704
       40.75444126074498285561
       40.81404011461317793419
       40.87363896848137301276
       40.93323782234956809134
       40.99283667621776316992
       41.05243553008595824849
       41.11203438395415332707
       41.17163323782234840564
       41.23123209169054348422
       41.29083094555873856280
       41.35042979942693364137
       41.41002865329512871995
       41.46962750716332379852
       41.52922636103151887710
       41.58882521489971395567
       41.64842406876790903425
       41.70802292263610411283
       41.76762177650429919140
       41.82722063037249426998
       41.88681948424068224313
       41.94641833810887732170
       42.00601719197707240028
       42.06561604584526747885
       42.12521489971346255743
       42.18481375358165763600
       42.24441260744985271458
       42.30401146131804779316
       42.36361031518624287173
       42.42320916905443795031
       42.48280802292263302888
       42.54240687679082810746
       42.60200573065902318604
       42.66160458452721826461
       42.72120343839541334319
       42.78080229226360842176
       42.84040114613180350034
       42.89999999999999857891
