                  Wedge	                    muS	                    muI	
           4.5440422209	           0.9646301122	           0.0003698878	
           3.3125752755	           0.9630087757	           0.0017245654	
           2.6499788473	           0.9575073446	           0.0059827256	
           2.2891547999	           0.9423269309	           0.0168500826	
           2.0523715732	           0.9059790749	           0.0410504049	
           1.8809412337	           0.8296497181	           0.0877857714	
           1.7492283096	           0.6926580585	           0.1614910572	
           1.6440126711	           0.4969927345	           0.2407345143	
           1.5575959329	           0.3002976259	           0.2638796935	
           1.4851492047	           0.1768699151	           0.1970716903	
           1.4234146480	           0.1251034755	           0.1067655315	
           1.3701308393	           0.1060912975	           0.0488084784	
           1.3236302710	           0.0989965479	           0.0207163001	
           1.2826704060	           0.0962819911	           0.0084960960	
           1.2463142873	           0.0952327397	           0.0034203558	
           1.2138541993	           0.0948267779	           0.0013605203	
           1.1847314339	           0.0946701740	           0.0005363001	
           1.1585286629	           0.0946100233	           0.0002098223	
           1.1350156366	           0.0945870250	           0.0000815558	
           1.1139379650	           0.0945782694	           0.0000315164	
           1.0952488298	           0.0945749490	           0.0000121160	
           1.0789768267	           0.0945736940	           0.0000046364	
           1.0652286039	           0.0945732208	           0.0000017670	
           1.0541623544	           0.0945730428	           0.0000006712	
           1.0459582868	           0.0945729759	           0.0000002542	
           1.0409784731	           0.0945729508	           0.0000000961	
           1.0393684443	           0.0945729413	           0.0000000363	
           1.0413084181	           0.0945729377	           0.0000000137	
           1.0467008321	           0.0945729364	           0.0000000052	
           1.0551035236	           0.0945729359	           0.0000000020	
           1.0663909557	           0.0945729357	           0.0000000007	
           1.0789959193	           0.0945729356	           0.0000000003	
           1.0927477216	           0.0945729356	           0.0000000001	
           1.1055198495	           0.0945729356	           0.0000000000	
           1.1171707079	           0.0945729356	           0.0000000000	
           1.1268358845	           0.0945729356	           0.0000000000	
           1.1342040761	           0.0945729356	           0.0000000000	
           1.1387374707	           0.0945729356	           0.0000000000	
           1.1414021684	           0.0945729356	           0.0000000000	
           1.1732304300	           0.0945729356	           0.0000000000	
           1.2113620397	           0.0945729356	           0.0000000000	
           1.2471729973	           0.0945729356	           0.0000000000	
           1.2803659705	           0.0945729356	           0.0000000000	
           1.3089719137	           0.0945729356	           0.0000000000	
           1.3330030989	           0.0945729356	           0.0000000000	
           1.3515173337	           0.0945729356	           0.0000000000	
           1.3633980260	           0.0945729356	           0.0000000000	
           1.3697426618	           0.0945729356	           0.0000000000	
           1.3707525571	           0.0945729356	           0.0000000000	
           1.3657279815	           0.0945729356	           0.0000000000	
           1.3582871468	           0.0945729356	           0.0000000000	
           1.3462287237	           0.0945729356	           0.0000000000	
           1.3329258757	           0.0945729356	           0.0000000000	
           1.3174701629	           0.0945729356	           0.0000000000	
           1.3006537646	           0.0945729356	           0.0000000000	
           1.2840293639	           0.0945729356	           0.0000000000	
           1.2669038991	           0.0945729356	           0.0000000000	
           1.2502409986	           0.0945729356	           0.0000000000	
           1.2350967124	           0.0945729356	           0.0000000000	
           1.2172791096	           0.0945729356	           0.0000000000	
           1.2048127583	           0.0945729356	           0.0000000000	
           1.1904794451	           0.0945729356	           0.0000000000	
           1.1774543387	           0.0945729356	           0.0000000000	
           1.1666536459	           0.0945729356	           0.0000000000	
           1.1535857289	           0.0945729356	           0.0000000000	
           1.1515925867	           0.0945729356	           0.0000000000	
           1.1371724337	           0.0945729356	           0.0000000000	
           1.1338832645	           0.0945729356	           0.0000000000	
           1.1318359704	           0.0945729356	           0.0000000000	
           1.1273550436	           0.0945729356	           0.0000000000	
           1.1243807030	           0.0945729356	           0.0000000000	
           1.1189140607	           0.0945729356	           0.0000000000	
           1.1312497725	           0.0945729356	           0.0000000000	
           1.1155810575	           0.0945729356	           0.0000000000	
           1.1133256866	           0.0945729356	           0.0000000000	
           1.1164524312	           0.0945729356	           0.0000000000	
           1.0936899056	           0.0945729356	           0.0000000000	
           1.0893772667	           0.0945729356	           0.0000000000	
           1.0609254193	           0.0945729356	           0.0000000000	
           1.0286510794	           0.0945729356	           0.0000000000	
           1.0092047654	           0.0945729356	           0.0000000000	
           0.9868489905	           0.0945729356	           0.0000000000	
           0.8970517232	           0.0945729356	           0.0000000000	
           0.8368446033	           0.0945729356	           0.0000000000	
           0.8382085550	           0.0945729356	           0.0000000000	
           0.8395588672	           0.0945729356	           0.0000000000	
           0.8408956763	           0.0945729356	           0.0000000000	
           0.8422191173	           0.0945729356	           0.0000000000	
           0.8435293239	           0.0945729356	           0.0000000000	
           0.8448264284	           0.0945729356	           0.0000000000	
           0.8461105619	           0.0945729356	           0.0000000000	
           0.8473818540	           0.0945729356	           0.0000000000	
           0.8486404333	           0.0945729356	           0.0000000000	
           0.8498864267	           0.0945729356	           0.0000000000	
           0.8511199602	           0.0945729356	           0.0000000000	
           0.8523411584	           0.0945729356	           0.0000000000	
           0.8535501445	           0.0945729356	           0.0000000000	
           0.8547470409	           0.0945729356	           0.0000000000	
           0.8559319682	           0.0945729356	           0.0000000000	
           0.8571050463	           0.0945729356	           0.0000000000	
           0.8582663936	           0.0945729356	           0.0000000000	
           0.8594161274	           0.0945729356	           0.0000000000	
           0.8605543639	           0.0945729356	           0.0000000000	
           0.8616812180	           0.0945729356	           0.0000000000	
           0.8627968036	           0.0945729356	           0.0000000000	
           0.8639012333	           0.0945729356	           0.0000000000	
           0.8649946188	           0.0945729356	           0.0000000000	
           0.8660770703	           0.0945729356	           0.0000000000	
           0.8671486974	           0.0945729356	           0.0000000000	
           0.8682096082	           0.0945729356	           0.0000000000	
           0.8692599099	           0.0945729356	           0.0000000000	
           0.8702997085	           0.0945729356	           0.0000000000	
           0.8713291092	           0.0945729356	           0.0000000000	
           0.8723482159	           0.0945729356	           0.0000000000	
           0.8733571315	           0.0945729356	           0.0000000000	
           0.8743559579	           0.0945729356	           0.0000000000	
           0.8753447961	           0.0945729356	           0.0000000000	
           0.8763237459	           0.0945729356	           0.0000000000	
           0.8772929062	           0.0945729356	           0.0000000000	
           0.8782523749	           0.0945729356	           0.0000000000	
           0.8792022489	           0.0945729356	           0.0000000000	
           0.8801426242	           0.0945729356	           0.0000000000	
           0.8810735957	           0.0945729356	           0.0000000000	
           0.8819952575	           0.0945729356	           0.0000000000	
           0.8829077027	           0.0945729356	           0.0000000000	
           0.8838110234	           0.0945729356	           0.0000000000	
           0.8847053110	           0.0945729356	           0.0000000000	
           0.8855906556	           0.0945729356	           0.0000000000	
           0.8864671468	           0.0945729356	           0.0000000000	
           0.8873348731	           0.0945729356	           0.0000000000	
           0.8881939222	           0.0945729356	           0.0000000000	
           0.8890443807	           0.0945729356	           0.0000000000	
           0.8898863347	           0.0945729356	           0.0000000000	
           0.8907198691	           0.0945729356	           0.0000000000	
           0.8915450681	           0.0945729356	           0.0000000000	
           0.8923620152	           0.0945729356	           0.0000000000	
           0.8931707928	           0.0945729356	           0.0000000000	
           0.8939714827	           0.0945729356	           0.0000000000	
           0.8947641656	           0.0945729356	           0.0000000000	
           0.8955489217	           0.0945729356	           0.0000000000	
           0.8963258303	           0.0945729356	           0.0000000000	
           0.8970949697	           0.0945729356	           0.0000000000	
           0.8978564178	           0.0945729356	           0.0000000000	
           0.8986102514	           0.0945729356	           0.0000000000	
           0.8993565466	           0.0945729356	           0.0000000000	
           0.9000953789	           0.0945729356	           0.0000000000	
           0.9008268229	           0.0945729356	           0.0000000000	
           0.9015509524	           0.0945729356	           0.0000000000	
           0.9022678407	           0.0945729356	           0.0000000000	
           0.9029775600	           0.0945729356	           0.0000000000	
           0.9036801822	           0.0945729356	           0.0000000000	
           0.9043757781	           0.0945729356	           0.0000000000	
           0.9050644181	           0.0945729356	           0.0000000000	
           0.9057461717	           0.0945729356	           0.0000000000	
           0.9064211077	           0.0945729356	           0.0000000000	
           0.9070892944	           0.0945729356	           0.0000000000	
           0.9077507992	           0.0945729356	           0.0000000000	
           0.9084056890	           0.0945729356	           0.0000000000	
           0.9090540299	           0.0945729356	           0.0000000000	
           0.9096958873	           0.0945729356	           0.0000000000	
           0.9103313262	           0.0945729356	           0.0000000000	
           0.9109604107	           0.0945729356	           0.0000000000	
           0.9115832044	           0.0945729356	           0.0000000000	
           0.9121997701	           0.0945729356	           0.0000000000	
           0.9128101702	           0.0945729356	           0.0000000000	
           0.9134144662	           0.0945729356	           0.0000000000	
           0.9140127193	           0.0945729356	           0.0000000000	
           0.9146049899	           0.0945729356	           0.0000000000	
           0.9151913377	           0.0945729356	           0.0000000000	
           0.9157718221	           0.0945729356	           0.0000000000	
           0.9163465017	           0.0945729356	           0.0000000000	
           0.9169154344	           0.0945729356	           0.0000000000	
           0.9174786778	           0.0945729356	           0.0000000000	
           0.9180362888	           0.0945729356	           0.0000000000	
           0.9185883237	           0.0945729356	           0.0000000000	
           0.9191348382	           0.0945729356	           0.0000000000	
           0.9196758876	           0.0945729356	           0.0000000000	
           0.9202115265	           0.0945729356	           0.0000000000	
           0.9207418090	           0.0945729356	           0.0000000000	
           0.9212667887	           0.0945729356	           0.0000000000	
           0.9217865185	           0.0945729356	           0.0000000000	
           0.9223010511	           0.0945729356	           0.0000000000	
           0.9228104384	           0.0945729356	           0.0000000000	
           0.9233147317	           0.0945729356	           0.0000000000	
           0.9238139822	           0.0945729356	           0.0000000000	
           0.9243082401	           0.0945729356	           0.0000000000	
           0.9247975555	           0.0945729356	           0.0000000000	
           0.9252819777	           0.0945729356	           0.0000000000	
           0.9257615557	           0.0945729356	           0.0000000000	
           0.9262363379	           0.0945729356	           0.0000000000	
           0.9267063723	           0.0945729356	           0.0000000000	
           0.9271717063	           0.0945729356	           0.0000000000	
           0.9276323870	           0.0945729356	           0.0000000000	
           0.9280884609	           0.0945729356	           0.0000000000	
           0.9285399741	           0.0945729356	           0.0000000000	
           0.9289869721	           0.0945729356	           0.0000000000	
           0.9294295001	           0.0945729356	           0.0000000000	
           0.9298676029	           0.0945729356	           0.0000000000	
           0.9303013246	           0.0945729356	           0.0000000000	
           0.9307307091	           0.0945729356	           0.0000000000	
           0.9311557998	           0.0945729356	           0.0000000000	
           0.9315766396	           0.0945729356	           0.0000000000	
           0.9319932709	           0.0945729356	           0.0000000000	
           0.9324057360	           0.0945729356	           0.0000000000	
           0.9328140764	           0.0945729356	           0.0000000000	
           0.9332183334	           0.0945729356	           0.0000000000	
           0.9336185478	           0.0945729356	           0.0000000000	
           0.9340147601	           0.0945729356	           0.0000000000	
           0.9344070103	           0.0945729356	           0.0000000000	
           0.9347953379	           0.0945729356	           0.0000000000	
           0.9351797823	           0.0945729356	           0.0000000000	
           0.9355603822	           0.0945729356	           0.0000000000	
           0.9359371762	           0.0945729356	           0.0000000000	
           0.9363102022	           0.0945729356	           0.0000000000	
           0.9366794979	           0.0945729356	           0.0000000000	
           0.9370451007	           0.0945729356	           0.0000000000	
           0.9374070475	           0.0945729356	           0.0000000000	
           0.9377653747	           0.0945729356	           0.0000000000	
           0.9381201188	           0.0945729356	           0.0000000000	
           0.9384713153	           0.0945729356	           0.0000000000	
           0.9388189999	           0.0945729356	           0.0000000000	
           0.9391632077	           0.0945729356	           0.0000000000	
           0.9395039734	           0.0945729356	           0.0000000000	
           0.9398413314	           0.0945729356	           0.0000000000	
           0.9401753159	           0.0945729356	           0.0000000000	
           0.9405059605	           0.0945729356	           0.0000000000	
           0.9408332986	           0.0945729356	           0.0000000000	
           0.9411573634	           0.0945729356	           0.0000000000	
           0.9414781875	           0.0945729356	           0.0000000000	
           0.9417958034	           0.0945729356	           0.0000000000	
           0.9421102432	           0.0945729356	           0.0000000000	
           0.9424215385	           0.0945729356	           0.0000000000	
           0.9427297209	           0.0945729356	           0.0000000000	
           0.9430348214	           0.0945729356	           0.0000000000	
           0.9433368710	           0.0945729356	           0.0000000000	
           0.9436359000	           0.0945729356	           0.0000000000	
           0.9439319388	           0.0945729356	           0.0000000000	
           0.9442250172	           0.0945729356	           0.0000000000	
           0.9445151647	           0.0945729356	           0.0000000000	
           0.9448024109	           0.0945729356	           0.0000000000	
           0.9450867845	           0.0945729356	           0.0000000000	
           0.9453683144	           0.0945729356	           0.0000000000	
           0.9456470290	           0.0945729356	           0.0000000000	
           0.9459229565	           0.0945729356	           0.0000000000	
           0.9461961247	           0.0945729356	           0.0000000000	
           0.9464665612	           0.0945729356	           0.0000000000	
           0.9467342934	           0.0945729356	           0.0000000000	
           0.9469993482	           0.0945729356	           0.0000000000	
           0.9472617525	           0.0945729356	           0.0000000000	
           0.9475215327	           0.0945729356	           0.0000000000	
           0.9477787152	           0.0945729356	           0.0000000000	
           0.9480333258	           0.0945729356	           0.0000000000	
           0.9482853903	           0.0945729356	           0.0000000000	
           0.9485349341	           0.0945729356	           0.0000000000	
           0.9487819826	           0.0945729356	           0.0000000000	
           0.9490265605	           0.0945729356	           0.0000000000	
           0.9492686927	           0.0945729356	           0.0000000000	
           0.9495084035	           0.0945729356	           0.0000000000	
           0.9497457172	           0.0945729356	           0.0000000000	
           0.9499806578	           0.0945729356	           0.0000000000	
