        0.00000000000000000000
        0.00000000000000000000
        0.00000000000000000000
        0.00000000000000000000
        0.00000000000000000000
        0.00000000000000000000
        0.00000000000000000000
        0.00000000000000000000
        0.00000000000000000000
        0.00000000000000000000
        0.00000000000000000000
        0.00000000000000000000
        0.00000000000000000000
        0.00000000000000000000
        0.00000000000000000000
        0.00000000000000000000
        0.00000000000000000000
        0.00000000000000000000
        0.00000000000000000000
        0.00000000000000000000
        0.00000000000000000000
        0.00000000000000000000
        0.00000000000000000000
        0.00000000000000000000
        0.00000000000000000000
        0.00000000000000000000
        0.00000000000000000000
        0.00000000000000000000
        0.00000000000000000000
        0.00000000000000000000
        0.00000000000000000000
        0.00000000000000000000
        0.00000000000000000000
        0.00000000000000000000
        0.00000000000000000000
        0.00000000000000000000
        0.00000000000000000000
        0.00000000000000000000
        0.00000000000000000000
        0.00000000000000000000
        0.00000000000000000000
        0.00000000000000000000
        0.00000000000000000000
        0.00000000000000000000
        0.00000000000000000000
        0.00000000000000000000
        0.00000000000000000000
        0.00000000000000000000
        0.00000000000000000000
        0.00000000000000000000
        0.00000000000000000000
        0.00000000000000000000
        0.00000000000000000000
        0.00000000000000000000
        0.00000000000000000000
        0.00000000000000000000
        0.00000000000000000000
        0.00000000000000000000
        0.00000000000000000000
        0.00000000000000000000
        0.00000000000000000000
        0.00000000000000000000
        0.00000000000000000000
        0.00000000000000000000
        0.00000000000000000000
        0.00000000000000000000
        0.00000000000000000000
        0.00000000000000000000
        0.00000000000000000000
        0.00000000000000000000
        0.00000000000000000000
        0.00000000000000000000
        0.00000000000000000000
        0.00000000000000000000
        0.00000000000000000000
        0.00000000000000000000
        0.00000000000000000000
        0.00000000000000000000
        0.00000000000000000000
        0.00000000000000000000
        0.00000000000000000000
        0.00000000000000000000
        0.00000000000000000000
        0.00000000000000000000
        0.00000000000000000000
        0.00000000000000000000
        0.00000000000000000000
        0.00000000000000000000
        0.00000000000000000000
        0.00000000000000000000
        0.00000000000000000000
        0.00000000000000000000
        0.00000000000000000000
        0.00000000000000000000
        0.00000000000000000000
        0.00000000000000000000
        0.00000000000000000000
        0.00000000000000000000
        0.00000000000000000000
        0.00000000000000000000
        0.00000000000000000000
        0.00000000000000000000
        0.00000000000000000000
        0.00000000000000000000
        0.00000000000000000000
        0.00000000000000000000
        0.00000000000000000000
        0.00000000000000000000
        0.00000000000000000000
        0.00000000000000000000
        0.00000000000000000000
        0.00000000000000000000
        0.00000000000000000000
        0.00000000000000000000
        0.00000000000000000000
        0.00000000000000000000
        0.00000000000000000000
        0.00000000000000000000
        0.00000000000000000000
        0.00000000000000000000
        0.00000000000000000000
        0.00000000000000000000
        0.00000000000000000000
        0.00000000000000000000
        0.00000000000000000000
        0.00000000000000000000
        0.00000000000000000000
        0.00000000000000000000
        0.00000000000000000000
        0.00000000000000000000
        0.00000000000000000000
        0.00000000000000000000
        0.00000000000000000000
        0.00000000000000000000
        0.00000000000000000000
        0.00000000000000000000
        0.00000000000000000000
        0.00000000000000000000
        0.00000000000000000000
        0.00000000000000000000
        0.00000000000000000000
        0.00000000000000000000
        0.00000000000000000000
        0.00000000000000000000
        0.00000000000000000000
        0.00000000000000000000
        0.00000000000000000000
        0.00000000000000000000
        0.00000000000000000000
        0.00000000000000000000
        0.00000000000000000000
        0.00000000000000000000
        0.00000000000000000000
        0.00000000000000000000
        0.00000000000000000000
        0.00000000000000000000
        0.00000000000000000000
        0.00000000000000000000
        0.00000000000000000000
        0.00000000000000000000
        0.00000000000000000000
        0.00000000000000000000
        0.00000000000000000000
        0.00000000000000000000
        0.00000000000000000000
        0.82675738288787492536
        0.83243576914227979113
        0.83796422133781423014
        0.84342045389710529335
        0.84884229420667223209
        0.85425125592467376912
        0.85966093151511246973
        0.86508060516629869952
        0.87051702174165634940
        0.87597533793555304449
        0.88145967162596383648
        0.88697343762744740303
        0.89251956253924702445
        0.89810062756046726840
        0.90371896651162519909
        0.90937673497800541877
        0.91507596024609283436
        0.92081857812646150663
        0.92660646061710238985
        0.93244143704850024346
        0.93832531053192269610
        0.94425987098171593193
        0.95024690564777991586
        0.95628820783656842686
        0.96238558434843479716
        0.96854086203980149783
        0.97475589383288796519
        0.98103256443691311262
        0.98737279599126359653
        0.99377855381199309281
        0.99964558326452368497
        1.00000000000000000000
        1.00000000000000000000
        1.00000000000000000000
        1.00000000000000000000
        1.00000000000000000000
        1.00000000000000000000
        1.00000000000000000000
        1.00000000000000000000
        1.00000000000000000000
        1.00000000000000000000
        1.00000000000000000000
        1.00000000000000000000
        1.00000000000000000000
        1.00000000000000000000
        1.00000000000000022204
        1.00000000000000000000
        1.00000000000000000000
        1.00000000000000000000
        1.00000000000000000000
        1.00000000000000000000
        1.00000000000000000000
        1.00000000000000000000
        1.00000000000000000000
        1.00000000000000000000
        1.00000000000000000000
        1.00000000000000000000
        1.00000000000000000000
        1.00000000000000000000
        1.00000000000000000000
        1.00000000000000000000
        1.00000000000000000000
        1.00000000000000000000
        1.00000000000000000000
        1.00000000000000000000
        1.00000000000000000000
        1.00000000000000000000
        1.00000000000000000000
        1.00000000000000000000
        1.00000000000000000000
        1.00000000000000000000
        1.00000000000000000000
        0.99999999999999988898
        1.00000000000000000000
        0.99999999999999988898
        1.00000000000000000000
        1.00000000000000000000
        1.00000000000000000000
        1.00000000000000000000
        1.00000000000000000000
        1.00000000000000000000
        1.00000000000000000000
        1.00000000000000000000
        1.00000000000000000000
        1.00000000000000000000
        1.00000000000000000000
        1.00000000000000000000
        1.00000000000000000000
        1.00000000000000000000
        0.99999999999999988898
        0.99999999999999988898
        1.00000000000000000000
        1.00000000000000000000
        1.00000000000000000000
        0.99999999999999988898
        1.00000000000000000000
        1.00000000000000000000
        1.00000000000000000000
        0.99999999999999988898
        1.00000000000000000000
        0.99999999999999988898
        1.00000000000000000000
        1.00000000000000000000
        1.00000000000000000000
        1.00000000000000000000
        1.00000000000000000000
        1.00000000000000000000
        1.00000000000000000000
        1.00000000000000000000
        1.00000000000000000000
        1.00000000000000000000
        1.00000000000000000000
        1.00000000000000000000
        1.00000000000000022204
        1.00000000000000000000
        1.00000000000000000000
        1.00000000000000000000
        1.00000000000000000000
        1.00000000000000000000
        1.00000000000000000000
        1.00000000000000000000
        1.00000000000000000000
        1.00000000000000000000
        1.00000000000000000000
        1.00000000000000000000
        1.00000000000000000000
        1.00000000000000022204
        1.00000000000000000000
        1.00000000000000000000
        1.00000000000000000000
        0.99999999999999988898
        1.00000000000000000000
        1.00000000000000022204
        1.00000000000000022204
        1.00000000000000000000
        1.00000000000000000000
        1.00000000000000000000
        0.99999999999999988898
        1.00000000000000000000
        1.00000000000000022204
        1.00000000000000000000
        0.99999999999999988898
        1.00000000000000000000
        1.00000000000000000000
        1.00000000000000000000
        1.00000000000000000000
        0.99999999999999988898
        1.00000000000000000000
        1.00000000000000000000
        1.00000000000000000000
        1.00000000000000000000
        0.99999999999999988898
        1.00000000000000000000
        1.00000000000000000000
        1.00000000000000000000
        0.99999999999999988898
        1.00000000000000000000
        0.99999999999999988898
        1.00000000000000000000
        1.00000000000000000000
        1.00000000000000000000
        1.00000000000000000000
        0.99999999999999988898
        1.00000000000000000000
        1.00000000000000000000
        1.00000000000000000000
        1.00000000000000000000
        1.00000000000000000000
        1.00000000000000000000
        1.00000000000000000000
        1.00000000000000000000
        1.00000000000000022204
        1.00000000000000000000
        1.00000000000000000000
        1.00000000000000000000
        0.99999999999999988898
        1.00000000000000000000
        1.00000000000000000000
        1.00000000000000000000
        1.00000000000000000000
        1.00000000000000000000
        1.00000000000000000000
        1.00000000000000000000
        0.99999999999999988898
        1.00000000000000000000
