       -6.76314798178934939443
       -6.81820432585687363769
       -6.87327182002188230570
       -6.92835046839585189105
       -6.98344027509177589508
       -7.03854124422436466801
       -7.09365337990976296823
       -7.14877668626583862022
       -7.20391116741202264251
       -7.25905682746935454475
       -7.31421367056046722865
       -7.36938170080959142894
       -7.42456092234265163654
       -7.47975133928708224573
       -7.53495295577188528569
       -7.59016577592785957052
       -7.64538980388729338955
       -7.70062504378409329320
       -7.75587149975381162648
       -7.81112917593368205615
       -7.86639807646250233120
       -7.92167820548070444886
       -7.97696956713035465469
       -8.03227216555522538499
       -8.08758600490066470456
       -8.14291108931370288815
       -8.19824742294300534695
       -8.25359500993898187460
       -8.30895385445361078780
       -8.36432396064060768026
       -8.41970533265534015754
       -8.47509797465493797120
       -8.53050189079818643734
       -8.58591708524557084559
       -8.64134356215936350054
       -8.69678132570353668029
       -8.75223038004386744149
       -8.80769072934786301232
       -8.86316237778484250498
       -8.91864532952595467918
       -8.97413958874416017863
       -9.02964515961431146707
       -9.08516204631313861739
       -9.14069025301926174620
       -9.19622978391327450254
       -9.25178064317782755666
       -9.30734283499743852985
       -9.36291636355887924026
       -9.41850123305090569659
       -9.47409744766457073695
       -9.52970501159304639316
       -9.58532392903193120048
       -9.64095420417912940536
       -9.69659584123499840302
       -9.75224884440254058404
       -9.80791321788731096376
       -9.86358896589769962304
       -9.91927609264498322261
       -9.97497460234344579533
      -10.03068449921056526364
      -10.08640578746716975900
      -10.14213847133762591568
      -10.19788255505006091539
      -10.25363804283654012295
      -10.30940493893340459408
      -10.36518324758147180376
      -10.42097297302638914118
      -10.47677411951897319398
      -10.53258669131559344123
      -10.58841069267859502645
      -10.64424612787678370296
      -10.70009300118591255568
      -10.75595131688931260783
      -10.81182107927848257134
      -10.86770229265384379858
      -10.92359496132548635217
      -10.97949908961409626329
      -11.03541468185192186979
      -11.09134174238374548338
      -11.14728027556823519717
      -11.20323028577919721727
      -11.25919177740701115908
      -11.31516475486030337549
      -11.37114922256776594622
      -11.42714518498014086845
      -11.48315264657242096291
      -11.53917161184640249871
      -11.59520208533332663592
      -11.65124407159701114267
      -11.70729757523717928791
      -11.76336260089319374345
      -11.81943915324825056246
      -11.87552723703400125999
      -11.93162685703564918072
      -11.98773801809766403892
      -12.04386072513010930152
      -12.09999498311558774333
      -12.15614079711717110399
      -12.21229817228691771902
      -12.26846711387557498085
      -12.32464762724320017639
      -12.38083971787109760498
      -12.43704339137493519729
      -12.49325865351940834103
      -12.54948551023456815301
      -12.60572396763388347551
      -12.66197403203439719732
      -12.71823570997909236269
      -12.77450900826179669423
      -12.83079393395487421969
      -12.88709049444008059027
      -12.94339869744283966213
      -12.99971855107046003752
      -13.05605006385470012731
      -13.11239324479912049526
      -13.16874810343200685736
      -13.22511464986520124398
      -13.28149289485983075565
      -13.33788284989971195671
      -13.39428452727320006943
      -13.45069794016470687836
      -13.50712310275705085871
      -13.56356003034592028200
      -13.62000873946807466552
      -13.67646924804506625151
      -13.73294157554437333602
      -13.78942574316050340144
      -13.84592177401850854324
      -13.90242969340318524019
      -13.95894952901747920748
      -14.01548131127428398202
      -14.07202507362657684098
      -14.12858085294159948830
      -14.18514868992591004826
      -14.24172862960932128829
      -14.29832072189736891232
      -14.35492502220381894062
      -14.41154159217708397023
      -14.46817050053750541849
      -14.52481182404606130376
      -14.58146564863008443069
      -14.63813207069751065603
      -14.69481119867941565360
      -14.75150315485094054679
      -14.80820807749471335057
      -14.86492612348965280944
      -14.92165747143324239232
      -14.97840232544072236465
      -15.03516091981353497431
      -15.09193352483950789633
      -15.14872045408891843010
      -15.20552207372164765786
      -15.26233881455002538985
      -15.31917118796058474572
      -15.37601980737556672807
      -15.43288541789964085638
      -15.48976893847676095106
      -15.54667152395443707746
      -15.60359466041699860739
      -15.66054031960830350556
      -15.71751122681270729231
      -15.77451137043739137766
      -15.83154710781070306780
      -15.88863011644898648456
      -15.94578905663896328804
      -16.00990730985114041118
      -16.07393149849097824244
      -16.13785414233575110643
      -16.20167163377004371227
      -16.26538169595014693414
      -16.32898263594124443898
      -16.39247305554104627845
      -16.45585171845504035559
      -16.51911748158897808025
      -16.58226925619515057519
      -16.64530598428829222257
      -16.70822662345790021732
      -16.77103013656919117125
      -16.83371548444415921608
      -16.89628162042738779292
      -16.95872748617976100149
      -17.02105200828998121665
      -17.08325409543974160442
      -17.14533263594636025573
      -17.20728649556300382528
      -17.26911451545159437160
      -17.33081551026769062673
      -17.39238826631225975916
      -17.45383153971586054354
      -17.51514405462860679563
      -17.57632450139407964684
      -17.63737153468915153098
      -17.69828377161382704230
      -17.75905978971725929227
      -17.81969812494660843072
      -17.88019729362763499125
      -17.94055671487115333207
      -18.00077699016630461415
      -18.06085872842621853351
      -18.12080253367640736428
      -18.18060900412606528675
      -18.24027873190255988334
      -18.29981230315120654950
      -18.35921029831120421250
      -18.41847329245593911651
      -18.47760185563678447807
      -18.53659655320016241831
      -18.59545794606615132238
      -18.65418659096648568152
      -18.71278304064449216071
      -18.77124784402167989583
      -18.82958154633618619300
      -18.88778468925810827272
      -18.94585781098585286486
      -19.00380144632744006117
      -19.06161612676969596691
      -19.11930238053791342168
      -19.17686073264786728032
      -19.23429170495177586986
      -19.29159581617950180998
      -19.34877358197590879740
      -19.40582551493521989983
      -19.46275212463293513565
      -19.51955391765581282471
      -19.57623139763029840310
      -19.63278506524958899604
      -19.68921541829967125636
      -19.74552295168447457741
      -19.80170815745029599952
      -19.85777152480963891890
      -19.91371354016452244196
      -19.96953468712926849093
      -20.02523544655287324190
      -20.08081629654110145111
      -20.13627771247817932476
      -20.19162016704821738244
      -20.24684413025646989581
      -20.30195006945021773959
      -20.35693844933935992003
      -20.41180973201689852203
      -20.46656437697914299179
      -20.52120284114587178692
      -20.57572557888013520255
      -20.63013304200788766707
      -20.68442567983747792937
      -20.73860393917888700344
      -20.79266826436288084778
      -20.84661909725999251464
      -20.90045687729935863786
      -20.95418204148736407433
      -21.00779502442601298640
      -21.06129625833125729173
      -21.11468617305120076821
      -21.16796519608412197044
      -21.22113375259642253923
      -21.27419226544025576686
      -21.32714115517111252984
      -21.37998084006526156031
      -21.43271173613707247796
      -21.48533425715622158236
      -21.53784881466470579880
      -21.59025581799373583181
      -21.64255567428050852641
      -21.69474878848488685890
      -21.74683556340592005540
      -21.79881639969825357639
      -21.85069169588837212359
      -21.90246184839073251283
      -21.95412725152385746696
      -22.00568829752631216934
      -22.05714537657258844661
      -22.10849887678868341823
      -22.15974918426764617152
      -22.21089668308513154216
      -22.26194175531480112795
      -22.31288478104367101196
      -22.36372613838731737701
      -22.41446620350487606288
      -22.46510535061400659629
      -22.51564395200576740308
      -22.56608237805948036225
      -22.61642099725753496386
      -22.66666017619997219867
      -22.71680027961895476096
      -22.76684167039317685521
      -22.81678470956233795164
      -22.86662975634137850989
      -22.91637716813475122990
      -22.96602730055050756164
      -23.01558050741437000397
      -23.06503714078377598184
      -23.11439755096172987692
      -23.16366208651069413804
      -23.21283109426633473049
      -23.26190491935127369061
      -23.31088390518876707347
      -23.35976839351632960984
      -23.40855872439918883288
      -23.45725523624379249554
      -23.50585826581129111901
      -23.55436814823098146121
      -23.60278521701364695673
      -23.65110980406469565196
      -23.69934223969746867056
      -23.74748285264644209747
      -23.79553197008047860095
      -23.84348991761590141891
      -23.89135701932949018556
      -23.93913359777155136499
      -23.98681997397901710656
      -24.03441646748855475835
      -24.08192339634950229765
      -24.12934107713663323125
      -24.17666982496298899719
      -24.22390995349275044646
      -24.27106177495436156732
      -24.31812560015352531195
      -24.36510173848586902068
      -24.41199049794961339899
      -24.45879218515825215263
      -24.50550710535355136699
      -24.55213556241846717398
      -24.59867785888995683763
      -24.64513429597160154572
      -24.69150517354620077981
      -24.73779079018860116435
      -24.78399144317858571185
      -24.83010742851359964334
      -24.87613904092141581259
      -24.92208657387292802809
      -24.96795031959498345486
      -25.01373056908310132940
      -25.05942761211419522738
      -25.10504173725928112049
      -25.15057323189588700529
      -25.19602238222100965004
      -25.24138947326393633830
      -25.28667478889909858708
      -25.33187861185893652305
      -25.37700122374639377654
      -25.42204290504743369183
      -25.46700393514368343517
      -25.51188459232514560426
      -25.55668515380305194640
      -25.60140589572256786255
      -25.64604709317531927582
      -25.69060902021184844557
      -25.73509194985424386459
      -25.77949615410888029032
      -25.82382190397902377299
