       22.15959885076016888661
       22.21919770430550400420
       22.27879655781713452711
       22.33839541129154682153
       22.39799426472482224426
       22.45759311811265490633
       22.51719197145026640783
       22.57679082473238807438
       22.63638967795319345555
       22.69598853110623437601
       22.75558738418438409212
       22.81518623717976623766
       22.87478509008366955868
       22.93438394288646620112
       22.99398279557749802393
       23.05358164814499488671
       23.11318050057593254110
       23.17277935285591183856
       23.23237820496899175282
       23.29197705689757569303
       23.35157590862216281380
       23.41117476012121656481
       23.47077361137088047371
       23.53037246234480761586
       23.58997131301381244839
       23.64957016334563277837
       23.70916901330457093877
       23.76876786285113141162
       23.82836671194161581866
       23.88796556052767883216
       23.94756440855582013683
       24.00716325596684086463
       24.06676210269524673890
       24.12636094866854463703
       24.18595979380651428414
       24.24555863802038047083
       24.30515748121187158404
       24.36475632327224616347
       24.42435516408113116427
       24.48395400350528561262
       24.54355284139722570558
       24.60315167759367938061
       24.66275051191390588201
       24.72234934415781992811
       24.78194817410388139933
       24.84154700150682515414
       24.90114582609508886435
       24.96074464756797794962
       25.02034346559253563669
       25.07994227980006129997
       25.13954108978225221449
       25.19913989508693674679
       25.25873869521334924571
       25.31833748960687557883
       25.37793627765322312939
       25.43753505867199393720
       25.49713383190953308599
       25.55673259653098838839
       25.61633135161156715753
       25.67593009612674848086
       25.73552882894152915583
       25.79512754879841551769
       25.85472625430420734460
       25.91432494391520080512
       25.97392361592095255673
       26.03352226842610761537
       26.09312089933038336653
       26.15271950630627983969
       26.21231808677442742805
       26.27191663787614572811
       26.33151515644313533926
       26.39111363896376616367
       26.45071208154569930571
       26.51031047987446243042
       26.56990882916743856867
       26.62950712412286335962
       26.68910535886323387444
       26.74870352687250019130
       26.80830162092638957461
       26.86789963301509231997
       26.92749755425749569326
       26.98709537480596054593
       27.04669308374070979539
       27.10629066895255334657
       27.16588811701281969135
       27.22548541302889191229
       27.28508254048396253211
       27.34467948105913848167
       27.40427621443591732486
       27.46387271807700258819
       27.52346896698296063732
       27.58306493342206167085
       27.64266058663034186793
       27.70225589247863950959
       27.76185081310285340805
       27.82144530649344460471
       27.88103932603965517956
       27.94063282002322878839
       28.00022573105648504566
       28.05981799545797628070
       28.11940954255931757189
       28.17900029393520711096
       28.23859016254836618032
       28.29817905179965364937
       28.35776685447302014609
       28.41735345156361347563
       28.47693871097579432217
       28.53652248607693309168
       28.59610461409056014759
       28.65568491431119113599
       28.71526318612085759696
       28.77483920678529827342
       28.83441272900503804522
       28.89398347819410517445
       28.95355114945622787559
       29.01311540422358703495
       29.07267586652246293966
       29.13223211882159091601
       29.19178369741791456704
       29.25133008730828265698
       29.31087071648803643598
       29.37040494961317449452
       29.42993208095465362817
       29.48945132656512058134
       29.54896181556881984420
       29.60846258047830659166
       29.66795254642474333195
       29.72743051918375201126
       29.78689517185686952416
       29.84634503006030570305
       29.90577845544989443738
       29.96519362739547531760
       30.02458852259500687865
       30.08396089239449366914
       30.14330823755387100960
       30.20262778016847704521
       30.26191643242123419100
       30.32117076180755077530
       30.38038695242434883426
       30.43956076187924963961
       30.49868747331000307099
       30.55776184195861233661
       30.61677803566433198057
       30.67572956857378585482
       30.73460922728071409438
       30.79340898849812546700
       30.85211992727785101920
       30.91073211464207304289
       30.96923450335896887964
       31.02761480042239838895
       31.08585932458514022869
       31.14395284706197486457
       31.20187841322147903611
       31.25961714269518409992
       31.31714800487074512603
       31.37444756602107531762
       31.43148970339188252865
       31.48824527998496236592
       31.54468177123723648947
       31.60076282989254892186
       31.65644776524379722105
       31.71169088840526484319
       31.76644060464643359865
       31.82063786861449017351
       31.87421203438395167495
       31.89569926062558380409
       31.95049536929205657998
       32.00741899031608994619
       32.06532853419469830669
       32.12378070900627591300
       32.18256612282406337044
       32.24157258108602519542
       32.30073441243244047882
       32.36001057115623780192
       32.41937406919002739869
       32.47880642951210461433
       32.53829457606053665586
       32.59782899382825860357
       32.65740259098210884758
       32.71700996831082619565
       32.77664693503292170362
       32.83631017898459703019
       32.89599703670529606825
       32.95570532997834334310
       33.01543324776612564619
       33.07517925989817086929
       33.13494205345148202468
       33.19472048571163469433
       33.25451354942654802471
       33.31432034733105496116
       33.37414007371609159236
       33.43397200138334568464
       33.49381547269066317085
       33.55366989365047913907
       33.61353473027403282458
       33.67339783821091003801
       33.73320786037079699327
       33.79295762347014431271
       33.85265801006858055189
       33.91231863427717030390
       33.97194765092401524953
       34.03155178122766244542
       34.09113645213629695263
       34.15070598133436874377
       34.21026376787335721019
       34.26981246771714495480
       34.32935414552071051730
       34.38889040078772296738
       34.44842247005041713237
       34.50795130817949996072
       34.56747765227763835583
       34.62700207148326825290
       34.68652500554798479016
       34.74604679461570810872
       34.80556770214164430399
       34.86508793250865068103
       34.92460764456288302426
       34.98412696200796290213
       35.04364598139760289541
       35.10316477827576164827
       35.16268341190940560637
       35.22220192893179557814
       35.28172036615757889422
       35.34123875275449222499
       35.40075711192754681633
       35.46027546222979509594
       35.51979381857236006681
       35.57931219301617176143
       35.63883059538591169257
       35.69834903375009105275
       35.75786751479729730363
       35.81738604413638427104
       35.87690462652187051162
       35.93642326603745829061
       35.99594196624912001425
       36.05546073030329523590
       36.11497956102446238447
       36.17449846099197685589
       36.23401743259000795661
       36.29353647806122751263
       36.35305559953049936439
       36.41257479904437133200
       36.47209407859073593272
       36.53161344011815714339
       36.59113288555407450531
       36.65065241681630681114
       36.71017203582345445056
       36.76969174450092481266
       36.82921154478655267894
       36.88873143864557846427
       36.94825142806979556553
       37.00777151508422946335
       37.06729170174823195794
       37.12681199015726463131
       37.18633238245055139259
       37.24585288081389933268
       37.30537348747900949775
       37.36489420472990730104
       37.42441503489879295330
       37.48393598037402085765
       37.54345704359877800016
       37.60297822707637749318
       37.66249953336703981677
       37.72202096509600011132
       37.78154252494779541394
       37.84106421567526723493
       37.90058604010021525710
       37.96010800111250205191
       38.01963010167475687240
       38.07915234481546917777
       38.13867473364133786617
       38.19819727133834419419
       38.25771996117203599397
       38.31724280648909086722
       38.37676581071438874915
       38.43628897735883498399
       38.49581231001877767994
       38.55533581238073281838
       38.61485948822585356766
       38.67438334142744338351
       38.73390737594964861046
       38.79343159585420153235
       38.85295600530172066556
       38.91248060855959067794
       38.97200540999483564519
       39.03153041408258872025
       39.09105562540415945705
       39.15058104865065047306
       39.21010668863044656973
       39.26963255025937371556
       39.32915863857554228389
       39.38868495873342823188
       39.44821151601144748611
       39.50773831580889350334
       39.56726536365243163118
       39.62679266519242560207
       39.68632022621217458891
       39.74584805262681896920
       39.80537615048464772372
       39.86490452596696343335
       39.92443318538821017682
       39.98396213520669562058
       40.04349138202031355149
       40.10302093256800759491
       40.16255079372906067192
       40.22208097252509872988
       40.28161147612419767938
       40.34114231184376109240
       40.40067348714363504314
       40.46020500962731603067
       40.51973688704088516488
       40.57926912728026280774
       40.63880173839078224773
       40.69833472856686285013
       40.75786810614309985112
       40.81740187958839527482
       40.87693605751438497009
       40.93647064867607809902
       40.99600566197111106703
       41.05554110642893306249
       41.11507699120510750390
       41.17461332557845565816
       41.23415011895322379587
       41.29368738085665313520
       41.35322512092957936147
       41.41276334891605870325
       41.47230207465955231783
       41.53184130810068097617
       41.59138105926542294810
       41.65092133825464060237
       41.71046215523841027562
       41.77000352044507280880
       41.82954544415059672247
       41.88908793667704344443
       41.94863100836894176382
       42.00817466958246626518
       42.06771893067156753432
       42.12726380196935593858
       42.18680929378279387265
       42.24635541637628932676
       42.30590217995386836947
       42.36544959464026760543
       42.42499767045912051344
       42.48454641731558467654
       42.54409584497832241823
       42.60364596306266804504
       42.66319678100546752830
       42.72274830804066425571
       42.78230055317558822026
       42.84185352517751965706
