        1.05536955551733324654
        1.05535814971260499817
        1.05534674387418303532
        1.05533533799853462831
        1.05532393208175556687
        1.05531252611953019205
        1.05530112010708854164
        1.05528971403915305949
        1.05527830790990484466
        1.05526690171288861642
        1.05525549544098229404
        1.05524408908630817905
        1.05523268264015479545
        1.05522127609289162464
        1.05520986943386918533
        1.05519846265131045371
        1.05518705573219140348
        1.05517564866211044361
        1.05516424142514009255
        1.05515283400366399746
        1.05514142637819641202
        1.05513001852718879547
        1.05511861042679910838
        1.05510720205066865773
        1.05509579336961856200
        1.05508438435138396372
        1.05507297496026586359
        1.05506156515676896568
        1.05505015489719644606
        1.05503874413320031245
        1.05502733281128380227
        1.05501592087225160022
        1.05500450825059899351
        1.05499309487383952089
        1.05498168066175224133
        1.05497026552555683843
        1.05495884936699546586
        1.05494743207731200840
        1.05493601353614452343
        1.05492459361024382147
        1.05491317215212565550
        1.05490174899852329204
        1.05489032396869530928
        1.05487889686254865396
        1.05486746745855453078
        1.05485603551144291323
        1.05484460074965125109
        1.05483316287248407583
        1.05482172154698483624
        1.05481027640445046423
        1.05479882703658356391
        1.05478737299121405613
        1.05477591376757051655
        1.05476444881104303164
        1.05475297750733365554
        1.05474149917604864690
        1.05473001306352842654
        1.05471851833493102113
        1.05470701406544975498
        1.05469549923057437368
        1.05468397269529456928
        1.05467243320213088786
        1.05466087935786023699
        1.05464930961880143379
        1.05463772227449159580
        1.05462611542959128208
        1.05461448698381143885
        1.05460283460965453806
        1.05459115572774386749
        1.05457944747940612906
        1.05456770669633970172
        1.05455592986691204516
        1.05454411309878937075
        1.05453225207749379244
        1.05452034202041278199
        1.05450837762578486512
        1.05449635301610200599
        1.05448426167530828756
        1.05447209637913874580
        1.05445984911778634086
        1.05444751101013034500
        1.05443507220854271189
        1.05442252179323325834
        1.05440984765502832055
        1.05439703636523329777
        1.05438407303124925818
        1.05437094113626672609
        1.05435762236138486081
        1.05434409638810189236
        1.05433034067912889675
        1.05431633023503357194
        1.05430203732407989925
        1.05428743118230427989
        1.05427247768054277444
        1.05425713895469796988
        1.05424137299523290601
        1.05422513319138611010
        1.05420836782490234818
        1.05419101950810745194
        1.05417302455953842966
        1.05415431231082323826
        1.05413480433665807112
        1.05411441359975710519
        1.05409304350099164438
        1.05407058682430454510
        1.05404692456483672913
        1.05402192462696198128
        1.05399544037804160368
        1.05396730904161195497
        1.05393734991219045760
        1.05390536237180132417
        1.05387112368618884872
        1.05383438655586769706
        1.05379487639488056416
        1.05375228830694100957
        1.05370628372424546271
        1.05365648667306310848
        1.05360247962213593453
        1.05354379886840598957
        1.05347992940871493239
        1.05341029923841533744
        1.05333427301349247251
        1.05325114500491645586
        1.05316013126532492805
        1.05306036091896793039
        1.05295086647839886140
        1.05283057307477978526
        1.05269828648372953950
        1.05255267980679523276
        1.05239227866017004409
        1.05221544469970296198
        1.05202035729523091234
        1.05180499314470088379
        1.05156710359413430034
        1.05130418940345737866
        1.05101347266800382307
        1.05069186557070937127
        1.05033593560696547620
        1.04994186687370727462
        1.04950541697855026513
        1.04902186905924277305
        1.04848597835780266152
        1.04789191271346138201
        1.04723318627286121618
        1.04650258562972875431
        1.04569208749708897344
        1.04479276692675560057
        1.04379469494091980941
        1.04268682430776404857
        1.04145686202113152419
        1.04009112683381754749
        1.03857438996059325831
        1.03688969677004694248
        1.03501816689368708602
        1.03293876971919695862
        1.03062807151947377626
        1.02805994954022361654
        1.02520526678324985781
        1.02203149868546616652
        1.01850229799072211634
        1.01457697399191304477
        1.01020983780332751500
        1.00534929469443845562
        0.99993629931243832587
        0.99390020573184156838
        0.95575358570367607847
        0.95099929499632684937
        0.94838123626253756360
        0.94675305558304390097
        0.94566968862532729823
        0.94492092194433774388
        0.94439411918840499016
        0.94402334301481061196
        0.94376737201324734094
        0.94359909244793649385
        0.94349993102853024762
        0.94345673352996428651
        0.94345991839498322129
        0.94350233498748714567
        0.94357853068984220979
        0.94368426527149318339
        0.94381618020624435950
        0.94397156824852945789
        0.94414820969735846479
        0.94434425420048073718
        0.94455813439711611146
        0.94478850229490507484
        0.94503418223531032716
        0.94529413613439416952
        0.94556743795686382104
        0.94585325518327445504
        0.94615083560125079476
        0.94645949812163598924
        0.94677862658252043282
        0.94710766573692273251
        0.94743511130178292845
        0.94771205030636718192
        0.94793124282694274374
        0.94810324318873273608
        0.94823733904623064284
        0.94834137865193823824
        0.94842180950729559896
        0.94848382236567863046
        0.94853153588926208961
        0.94856818424927802358
        0.94859628846865917673
        0.94861780372734638700
        0.94863424126707163175
        0.94864676677047377051
        0.94865627840128907700
        0.94866346795704004080
        0.94866886841300601674
        0.94867289066031867950
        0.94867585179993230149
        0.94867799687042220214
        0.94867951551319229520
        0.94868055475037105229
        0.94868122877719784913
        0.94868162647649234565
        0.94868181718032484895
        0.94868185510202884814
        0.94868178274152492602
        0.94868163351130241345
        0.94868143375859115274
        0.94868120433031188909
        0.94868096178865690682
        0.94868071934624542685
        0.94868048759748235810
        0.94868027508479246812
        0.94868008874047005108
        0.94867993423227159333
        0.94867981623833075311
        0.94867973865364674246
        0.94867970475750151849
        0.94867971735253442400
        0.94867977885459153775
        0.94867989138086095124
        0.94868005681912837002
        0.94868027687302369788
        0.94868055310998322671
        0.94868088698284314120
        0.94868127986477190916
        0.94868173306676517598
        0.94868224785474664085
        0.94868282546543147848
        0.94868346711633411150
        0.94868417401473903450
        0.94868494736290920333
        0.94868578836275785360
        0.94868669822846163342
        0.94868767818555344018
        0.94868872947643356763
        0.94868985336100564165
        0.94869105111804064023
        0.94869232405123260499
        0.94869367349128319589
        0.94869510079506391698
        0.94869660735061822621
        0.94869819457336101998
        0.94869986391236826861
        0.94870161684891207710
        0.94870345490045415726
        0.94870537961755641021
        0.94870739259024294832
        0.94870949544278537768
        0.94871168984072795638
        0.94871397749093855367
        0.94871636014043592144
        0.94871883957975022827
        0.94872141763689599170
        0.94872409618684183652
        0.94872687715190728852
        0.94872976250148655097
        0.94873275425273384531
        0.94873585446777874974
        0.94873906525941409384
        0.94874238879008709890
        0.94874582727510947677
        0.94874938298565880679
        0.94875305824618738626
        0.94875685543279386636
        0.94876077697799177102
        0.94876482537113326909
        0.94876900316392753787
        0.94877331296423383922
        0.94877775744206283015
        0.94878233932739175494
        0.94878706141231861082
        0.94879192655622968111
        0.94879693767741901667
        0.94880209776398150012
        0.94880740986840805817
        0.94881287711281947495
        0.94881850268578715735
        0.94882428984663758076
        0.94883024192187870316
        0.94883636231148127393
        0.94884265448731064385
        0.94884912199332904770
        0.94885576844469976532
        0.94886259752710466753
        0.94886961300409500275
        0.94887681871305351589
        0.94888421856541027566
        0.94889181654541432387
        0.94889961671075195859
        0.94890762319484389664
        0.94891584020816377443
        0.94892427203228957300
        0.94893292301996434723
        0.94894179759354790882
        0.94895090024957107211
        0.94896023555764608126
        0.94896980815937315157
        0.94897962276101244239
        0.94898968412833861752
        0.94899999709220572708
        0.94901056654816995373
        0.94902139745530256221
        0.94903249482748430754
        0.94904386372859539378
        0.94905550926978798909
        0.94906743661051129468
        0.94907965095604707173
        0.94909215755022602323
        0.94910496166731161960
        0.94911806860883918269
        0.94913148370153643807
        0.94914521228846360223
        0.94915925972115844367
        0.94917363135527199614
        0.94918833254258594412
        0.94920336862318577253
        0.94921874492433877535
        0.94923446674363876063
        0.94925053934137204603
        0.94926696793085640902
        0.94928375766551820192
        0.94930091363545388017
        0.94931844085627847818
        0.94933634425707769111
        0.94935462866772934998
        0.94937329880435727958
        0.94939235925797749172
        0.94941181448287503830
        0.94943166878595175451
        0.94945192631032582220
        0.94947259101976910767
        0.94949366668363521793
        0.94951515686916043713
