        0.99999999999999333866
        0.99999999999998934186
        0.99999999999998889777
        0.99999999999999111822
        0.99999999999998978595
        0.99999999999999156231
        0.99999999999998845368
        0.99999999999999067413
        0.99999999999999023004
        0.99999999999998978595
        0.99999999999998934186
        0.99999999999998934186
        0.99999999999999023004
        0.99999999999998978595
        0.99999999999998734346
        0.99999999999998934186
        0.99999999999999000799
        0.99999999999998934186
        0.99999999999998756550
        0.99999999999999067413
        0.99999999999999222844
        0.99999999999999067413
        0.99999999999998978595
        0.99999999999999067413
        0.99999999999998867573
        0.99999999999998845368
        0.99999999999998800959
        0.99999999999998867573
        0.99999999999998778755
        0.99999999999998800959
        0.99999999999998867573
        0.99999999999998956390
        0.99999999999999023004
        0.99999999999998712141
        0.99999999999998845368
        0.99999999999998889777
        0.99999999999998845368
        0.99999999999998845368
        0.99999999999998911981
        0.99999999999998800959
        0.99999999999998934186
        0.99999999999998934186
        0.99999999999999000799
        0.99999999999998889777
        0.99999999999998911981
        0.99999999999999111822
        0.99999999999998712141
        0.99999999999999023004
        0.99999999999998823164
        0.99999999999999045208
        0.99999999999998800959
        0.99999999999998911981
        0.99999999999998756550
        0.99999999999998845368
        0.99999999999998934186
        0.99999999999998623323
        0.99999999999998756550
        0.99999999999998800959
        0.99999999999998889777
        0.99999999999998845368
        0.99999999999998800959
        0.99999999999998800959
        0.99999999999999023004
        0.99999999999998800959
        0.99999999999998845368
        0.99999999999998889777
        0.99999999999998934186
        0.99999999999998845368
        0.99999999999998778755
        0.99999999999998712141
        0.99999999999998756550
        0.99999999999998667732
        0.99999999999998889777
        0.99999999999998845368
        0.99999999999998712141
        0.99999999999998800959
        0.99999999999998667732
        0.99999999999998800959
        0.99999999999998645528
        0.99999999999998667732
        0.99999999999998800959
        0.99999999999998689937
        0.99999999999998756550
        0.99999999999998756550
        0.99999999999998623323
        0.99999999999998756550
        0.99999999999998800959
        0.99999999999998734346
        0.99999999999998800959
        0.99999999999998800959
        0.99999999999998712141
        0.99999999999998800959
        0.99999999999998623323
        0.99999999999998623323
        0.99999999999998667732
        0.99999999999998689937
        0.99999999999998667732
        0.99999999999998756550
        0.99999999999998712141
        0.99999999999998712141
        0.99999999999998667732
        0.99999999999998645528
        0.99999999999998712141
        0.99999999999998623323
        0.99999999999998578915
        0.99999999999998623323
        0.99999999999998623323
        0.99999999999998623323
        0.99999999999998667732
        0.99999999999998623323
        0.99999999999998623323
        0.99999999999998645528
        0.99999999999998667732
        0.99999999999998623323
        0.99999999999998667732
        0.99999999999998645528
        0.99999999999998534506
        0.99999999999998556710
        0.99999999999998601119
        0.99999999999998623323
        0.99999999999998578915
        0.99999999999998667732
        0.99999999999998623323
        0.99999999999998578915
        0.99999999999998578915
        0.99999999999998578915
        0.99999999999998578915
        0.99999999999998534506
        0.99999999999998534506
        0.99999999999998534506
        0.99999999999998512301
        0.99999999999998534506
        0.99999999999998534506
        0.99999999999998534506
        0.99999999999998534506
        0.99999999999998534506
        0.99999999999998534506
        0.99999999999998534506
        0.99999999999998534506
        0.99999999999998534506
        0.99999999999998534506
        0.99999999999998534506
        0.99999999999998534506
        0.99999999999998534506
        0.99999999999998512301
        0.99999999999998534506
        0.99999999999998534506
        0.99999999999998490097
        0.99999999999998534506
        0.99999999999998534506
        0.99999999999998490097
        0.99999999999998490097
        0.99999999999998490097
        0.99999999999998490097
        0.99999999999998490097
        0.99999999999998490097
        0.99999999999998490097
        0.99999999999998490097
        0.99999999999998490097
        0.99999999999998490097
        0.99999999999998490097
        0.99999999999998490097
        0.99999999999998490097
        0.99999999999998467892
        0.99999999999998490097
        0.99771533175214921485
        0.99567835974393070764
        0.99375337322543777496
        0.99188983602261138195
        0.99006319656689067976
        0.98825954411355887430
        0.98647014424472356797
        0.98468908498652030215
        0.98291212353898516074
        0.98113606580554835190
        0.97935840788043959648
        0.97757711690088744394
        0.97579049084449387408
        0.97399706540066433025
        0.97219555013655079012
        0.97038478356601076680
        0.96856370079859188671
        0.96673130978538501790
        0.96488667357689872350
        0.96302889685781689622
        0.96115711557841465584
        0.95927048884005283735
        0.95736819243809923030
        0.95544941361510060673
        0.95351334668749776480
        0.95155918928929483780
        0.94958613902852173627
        0.94759339039894108225
        0.94558013181600852892
        0.94354554267736401307
        0.94149069692801312659
        0.93943053183633029590
        0.93736842833427758137
        0.93530650082083532926
        0.93324645903638014932
        0.93118966097725575093
        0.92913716997403017483
        0.92708980890599290703
        0.92504820811261645463
        0.92301284584483422879
        0.92098408138858789407
        0.91896218162277631958
        0.91694734199948302322
        0.91493970294634863194
        0.91293936259691699231
        0.91094638662313254240
        0.90896081580391585586
        0.90698267183877623321
        0.90501196180904830424
        0.90304868160020357326
        0.90109281852772882271
        0.89914435335146092321
        0.89720326182354293021
        0.89526951587862402260
        0.89334308455009103778
        0.89142393467657798922
        0.88951203144722434946
        0.88760733882335984823
        0.88570981986446317702
        0.88381943698000708931
        0.88193615212603615472
        0.88005992695741952492
        0.87819072294577038562
        0.87632850147196750257
        0.87447322389740700377
        0.87262485161874969730
        0.87078334611125507436
        0.86894866896259015387
        0.86712078189800989581
        0.86529964680104021202
        0.86348522572855179735
        0.86167748092101459356
        0.85987637481127343619
        0.85808187003148539418
        0.85629392941749304935
        0.85451251601257538493
        0.85273759306788887713
        0.85096912404401292562
        0.84920707261081473938
        0.84745140264737151004
        0.84570207824141141462
        0.84395906368872886105
        0.84222232349153369757
        0.84049182235581454403
        0.83876752518936081859
        0.83704939710065617842
        0.83533740339700768285
        0.83363150958230525234
        0.83193168135427097987
        0.83023788460146674684
        0.82855008540137431439
        0.82686825001834163285
        0.82519234490112391978
        0.82352233668013241630
        0.82185819216466471371
        0.82019987834031471419
        0.81854736236677827499
        0.81690061157499072042
        0.81525959346495113778
        0.81362427570209017169
        0.81199462611521777688
        0.81037061269377497208
        0.80875220358592114778
        0.80713936709616029841
        0.80553207168123919235
        0.80393028594665638664
        0.80233397864529587551
        0.80074311867553482625
        0.79915767507840618222
        0.79757761703409102427
        0.79600291385947086198
        0.79443353500410351931
        0.79286945004830555739
        0.79131062870150092881
        0.78975704079925435064
        0.78820865630053027484
        0.78666544528337900566
        0.78512737794220333054
        0.78359442458665140574
        0.78206655563817539800
        0.78054374162718653807
        0.77902595319011169739
        0.77751316106609180689
        0.77600533609557420522
        0.77450244921602384718
        0.77300447145952733141
        0.77151137394996016639
        0.77002312790040661206
        0.76853970461007570236
        0.76706107546192092705
        0.76558721191874612444
        0.76411808552072191247
        0.76265366788312016766
        0.76119393069384955197
        0.75973884571012872957
        0.75828838475419202414
        0.75684251971132132653
        0.75540122252803021397
        0.75396446520914495171
        0.75253221981468709778
        0.75110445845584605795
        0.74968115329296258764
        0.74826227653475474444
        0.74684780043444076725
        0.74543769728720954415
        0.74403193942540613026
        0.74263049921668378150
        0.74123334906262627886
        0.73984046139822623456
        0.73845180868956927789
        0.73706736342783185645
        0.73568709812677801629
        0.73431098532182659255
        0.73293899756975122717
        0.73157110744755438070
        0.73020728754866137677
        0.72884751047963958204
        0.72749174885846901173
        0.72613997531474672176
        0.72479216248978584058
        0.72344828303323527319
        0.72210830960147909252
        0.72077221485800924139
        0.71943997147273841541
        0.71811155212037325324
        0.71678692947990907403
        0.71546607623459790304
        0.71414896507014080651
        0.71283556867856900929
        0.71152585975817761454
        0.71021981101400444292
        0.70891739515866092347
        0.70761858491058149401
        0.70632335299633286496
        0.70503167215362250175
        0.70374351513406829817
        0.70245885470652169591
        0.70117766365855549449
        0.69989991479855206968
        0.69862558095868021457
        0.69735463500052796704
        0.69608704981917302046
        0.69482279834711724309
        0.69356185355556398964
        0.69230418846108843223
