        1.05536955551733391268
        1.05535814971260522022
        1.05534674387418281327
        1.05533533799853485036
        1.05532393208175534483
        1.05531252611953041409
        1.05530112010708809755
        1.05528971403915305949
        1.05527830790990506671
        1.05526690171288861642
        1.05525549544098229404
        1.05524408908630795700
        1.05523268264015479545
        1.05522127609289206873
        1.05520986943386918533
        1.05519846265131023166
        1.05518705573219140348
        1.05517564866211066565
        1.05516424142513987050
        1.05515283400366377542
        1.05514142637819663406
        1.05513001852718901752
        1.05511861042679888634
        1.05510720205066887978
        1.05509579336961878404
        1.05508438435138396372
        1.05507297496026586359
        1.05506156515676918772
        1.05505015489719644606
        1.05503874413320031245
        1.05502733281128358023
        1.05501592087225137817
        1.05500450825059943760
        1.05499309487383952089
        1.05498168066175224133
        1.05497026552555683843
        1.05495884936699546586
        1.05494743207731156431
        1.05493601353614474547
        1.05492459361024359943
        1.05491317215212565550
        1.05490174899852307000
        1.05489032396869530928
        1.05487889686254843191
        1.05486746745855408669
        1.05485603551144357937
        1.05484460074965058496
        1.05483316287248474197
        1.05482172154698461419
        1.05481027640445135241
        1.05479882703658289778
        1.05478737299121450022
        1.05477591376757051655
        1.05476444881104303164
        1.05475297750733432167
        1.05474149917604842486
        1.05473001306352798245
        1.05471851833493102113
        1.05470701406544975498
        1.05469549923057437368
        1.05468397269529456928
        1.05467243320213066582
        1.05466087935786068108
        1.05464930961880121174
        1.05463772227449181784
        1.05462611542959106004
        1.05461448698381188294
        1.05460283460965498215
        1.05459115572774386749
        1.05457944747940590702
        1.05456770669634014581
        1.05455592986691093493
        1.05454411309878981484
        1.05453225207749379244
        1.05452034202041278199
        1.05450837762578464307
        1.05449635301610178395
        1.05448426167531073006
        1.05447209637913696945
        1.05445984911778545268
        1.05444751101013212136
        1.05443507220854248985
        1.05442252179323237016
        1.05440984765502965281
        1.05439703636523418595
        1.05438407303124703773
        1.05437094113626828040
        1.05435762236138241832
        1.05434409638810278054
        1.05433034067913222742
        1.05431633023503357194
        1.05430203732407701267
        1.05428743118230427989
        1.05427247768054188626
        1.05425713895469774783
        1.05424137299524001143
        1.05422513319137345356
        1.05420836782491100792
        1.05419101950810500945
        1.05417302455954220441
        1.05415431231081413443
        1.05413480433666428837
        1.05411441359976576493
        1.05409304350098098624
        1.05407058682430432306
        1.05404692456482984575
        1.05402192462696930875
        1.05399544037805203978
        1.05396730904161217701
        1.05393734991217713493
        1.05390536237181220436
        1.05387112368618884872
        1.05383438655586325616
        1.05379487639491609130
        1.05375228830687373005
        1.05370628372428298825
        1.05365648667309752540
        1.05360247962206710071
        1.05354379886841464931
        1.05347992940875223589
        1.05341029923839468729
        1.05333427301349269456
        1.05325114500495464753
        1.05316013126525387378
        1.05306036091904609009
        1.05295086647832936144
        1.05283057307479932518
        1.05269828648370844526
        1.05255267980686584295
        1.05239227866019580127
        1.05221544469964500834
        1.05202035729523091234
        1.05180499314470088379
        1.05156710359413430034
        1.05130418940354375401
        1.05101347266786082635
        1.05069186557081484246
        1.05033593560684934687
        1.04994186687383539436
        1.04950541697840904476
        1.04902186905939798223
        1.04848597835771717435
        1.04789191271327353228
        1.04723318627317008023
        1.04650258562961573361
        1.04569208749721220819
        1.04479276692689015960
        1.04379469494077325997
        1.04268682430792347660
        1.04145686202130383080
        1.04009112683325888327
        1.03857438996079309845
        1.03688969676961928457
        1.03501816689414138928
        1.03293876971895692840
        1.03062807151997537503
        1.02805994953944601633
        1.02520526678351386884
        1.02203149868546616652
        1.01850229799097879990
        1.01457697399215263090
        1.01020983780353779125
        1.00534929469443845562
        0.99993629931234184749
        0.99390020573184156838
        0.95575358570367607847
        0.95099929499589852533
        0.94838123626253667542
        0.94675305558407640838
        0.94566968862532796436
        0.94492092194343690892
        0.94439411918926463585
        0.94402334301481150014
        0.94376737201324578663
        0.94359909244741402290
        0.94349993102878648710
        0.94345673352971393122
        0.94345991839573573046
        0.94350233498673696797
        0.94357853069008923441
        0.94368426527149429361
        0.94381618020599267194
        0.94397156824928951657
        0.94414820969684853935
        0.94434425420176915100
        0.94455813439711866497
        0.94478850229384869763
        0.94503418223504187523
        0.94529413613493507018
        0.94556743795796860397
        0.94585325518271490264
        0.94615083560182344780
        0.94645949812192431416
        0.94677862658193290279
        0.94710766573662252821
        0.94743511130239177476
        0.94771205030574967587
        0.94793124282756635601
        0.94810324318810823563
        0.94823733904623075386
        0.94834137865162548842
        0.94842180950698229402
        0.94848382236629968922
        0.94853153589019267855
        0.94856818424866262696
        0.94859628846835275517
        0.94861780372734583189
        0.94863424126676931802
        0.94864676677047343745
        0.94865627840128796677
        0.94866346795763356603
        0.94866886841300734901
        0.94867289065973470219
        0.94867585179934987849
        0.94867799687070886172
        0.94867951551376350494
        0.94868055475065526938
        0.94868122877748095600
        0.94868162647593534675
        0.94868181717977084766
        0.94868185510147751138
        0.94868178274234016278
        0.94868163351265433203
        0.94868143375832458819
        0.94868120432978153556
        0.94868096178813066111
        0.94868071934598241501
        0.94868048759799794567
        0.94868027508530650138
        0.94868008874021714227
        0.94867993423227259253
        0.94867981623783126377
        0.94867973865215660112
        0.94867970475848173439
        0.94867971735424061475
        0.94867977885483678602
        0.94867989138014541250
        0.94868005681746891966
        0.94868027687301936801
        0.94868055311067922553
        0.94868088698353436605
        0.94868127986568739907
        0.94868173306631620179
        0.94868224785362809115
        0.94868282546454174575
        0.94868346711655027192
        0.94868417401626137231
        0.94868494736291264502
        0.94868578836169448198
        0.94868669822740558928
        0.94868767818534138758
        0.94868872947746485380
        0.94868985336182531931
        0.94869105111804308272
        0.94869232405083314674
        0.94869367349009281476
        0.94869510079506269573
        0.94869660735061778212
        0.94869819457374515714
        0.94869986391217830946
        0.94870161684947551528
        0.94870345490045393522
        0.94870537961847678510
        0.94870739258988234788
        0.94870949544170923851
        0.94871168983948273024
        0.94871397749058139492
        0.94871636014303339923
        0.94871883958129610281
        0.94872141763656314684
        0.94872409618483688476
        0.94872687715041736922
        0.94872976250229856809
        0.94873275425402048278
        0.94873585446921437914
        0.94873906525910567389
        0.94874238878791739005
        0.94874582727357537060
        0.94874938298625777211
        0.94875305824782640851
        0.94875685543412169309
        0.94876077697726846072
        0.94876482537070461198
        0.94876900316336199026
        0.94877331296437239505
        0.94877775744233716626
        0.94878233932684763463
        0.94878706141338586821
        0.94879192655622990316
        0.94879693767755035605
        0.94880209776359913931
        0.94880740986840883533
        0.94881287711269546303
        0.94881850268627676570
        0.94882428984603794930
        0.94883024192093134985
        0.94883636231077805867
        0.94884265448833771117
        0.94884912199535942356
        0.94885576844492558468
        0.94886259752634405373
        0.94886961300334449199
        0.94887681871315909810
        0.94888421856593085923
        0.94889181654449894499
        0.94889961670854439113
        0.94890762319463894947
        0.94891584021037977958
        0.94892427203570772765
        0.94893292302100018532
        0.94894179759099850369
        0.94895090024544415108
        0.94896023555613862044
        0.94896980816255738223
        0.94897962276422986871
        0.94898968412851325560
        0.94899999708912097240
        0.94901056654593507478
        0.94902139745615154975
        0.94903249483053753188
        0.94904386373032201263
        0.94905550926869930439
        0.94906743660822345809
        0.94907965095499402519
        0.94909215755008558002
        0.94910496166677060792
        0.94911806860902758753
        0.94913148370338495941
        0.94914521229058712581
        0.94915925972281334211
        0.94917363135522792028
        0.94918833253847667564
        0.94920336861944809570
        0.94921874492283364599
        0.94923446674528522138
        0.94925053934607517281
        0.94926696793417753018
        0.94928375766578332318
        0.94930091363315105557
        0.94931844085332472982
        0.94933634425565771586
        0.94935462866785458314
        0.94937329880491094780
        0.94939235925776122027
        0.94941181448351674721
        0.94943166878843143763
        0.94945192631358465984
        0.94947259101960668204
        0.94949366667923784657
        0.94951515686387155668
