        0.00000000000000000000
        0.00000000000000000000
        0.00000000000000000000
        0.00000000000000000000
        0.00000000000000000000
        0.00000000000000000000
        0.00000000000000000000
        0.00000000000000000000
        0.00000000000000000000
        0.00000000000000000000
        0.00000000000000000000
        0.00000000000000000000
        0.00000000000000000000
        0.00000000000000000000
        0.00000000000000000000
        0.00000000000000000000
        0.00000000000000000000
        0.00000000000000000000
        0.00000000000000000000
        0.00000000000000000000
        0.00000000000000000000
        0.00000000000000000000
        0.00000000000000000000
        0.00000000000000000000
        0.00000000000000000000
        0.00000000000000000000
        0.00000000000000000000
        0.00000000000000000000
        0.00000000000000000000
        0.00000000000000000000
        0.00000000000000000000
        0.00000000000000000000
        0.00000000000000000000
        0.00000000000000000000
        0.00000000000000000000
        0.00000000000000000000
        0.00000000000000000000
        0.00000000000000000000
        0.00000000000000000000
        0.00000000000000000000
        0.00000000000000000000
        0.00000000000000000000
        0.00000000000000000000
        0.00000000000000000000
        0.00000000000000000000
        0.00000000000000000000
        0.00000000000000000000
        0.00000000000000000000
        0.00000000000000000000
        0.00000000000000000000
        0.00000000000000000000
        0.00000000000000000000
        0.00000000000000000000
        0.00000000000000000000
        0.00000000000000000000
        0.00000000000000000000
        0.00000000000000000000
        0.00000000000000000000
        0.00000000000000000000
        0.00000000000000000000
        0.00000000000000000000
        0.00000000000000000000
        0.00000000000000000000
        0.00000000000000000000
        0.00000000000000000000
        0.00000000000000000000
        0.00000000000000000000
        0.00000000000000000000
        0.00000000000000000000
        0.00000000000000000000
        0.00000000000000000000
        0.00000000000000000000
        0.00000000000000000000
        0.00000000000000000000
        0.00000000000000000000
        0.00000000000000000000
        0.00000000000000000000
        0.00000000000000000000
        0.00000000000000000000
        0.00000000000000000000
        0.00000000000000000000
        0.00000000000000000000
        0.00000000000000000000
        0.00000000000000000000
        0.00000000000000000000
        0.00000000000000000000
        0.00000000000000000000
        0.00000000000000000000
        0.00000000000000000000
        0.00000000000000000000
        0.00000000000000000000
        0.00000000000000000000
        0.00000000000000000000
        0.00000000000000000000
        0.00000000000000000000
        0.00000000000000000000
        0.00000000000000000000
        0.00000000000000000000
        0.00000000000000000000
        0.00000000000000000000
        0.00000000000000000000
        0.00000000000000000000
        0.00000000000000000000
        0.00000000000000000000
        0.00000000000000000000
        0.00000000000000000000
        0.00000000000000000000
        0.00000000000000000000
        0.00000000000000000000
        0.00000000000000000000
        0.00000000000000000000
        0.00000000000000000000
        0.00000000000000000000
        0.00000000000000000000
        0.00000000000000000000
        0.00000000000000000000
        0.00000000000000000000
        0.00000000000000000000
        0.00000000000000000000
        0.00000000000000000000
        0.00000000000000000000
        0.00000000000000000000
        0.00000000000000000000
        0.00000000000000000000
        0.00000000000000000000
        0.00000000000000000000
        0.00000000000000000000
        0.00000000000000000000
        0.00000000000000000000
        0.00000000000000000000
        0.00000000000000000000
        0.00000000000000000000
        0.00000000000000000000
        0.00000000000000000000
        0.00000000000000000000
        0.00000000000000000000
        0.00000000000000000000
        0.00000000000000000000
        0.00000000000000000000
        0.00000000000000000000
        0.00000000000000000000
        0.00000000000000000000
        0.00000000000000000000
        0.00000000000000000000
        0.00000000000000000000
        0.00000000000000000000
        0.00000000000000000000
        0.00000000000000000000
        0.00000000000000000000
        0.00000000000000000000
        0.00000000000000000000
        0.00000000000000000000
        0.00000000000000000000
        0.00000000000000000000
        0.00000000000000000000
        0.00000000000000000000
        0.00000000000000000000
        0.00000000000000000000
        0.00000000000000000000
        0.00000000000000000000
        0.00000000000000000000
        0.00000000000000000000
        0.00000000000000000000
        0.00000000000000000000
        0.00000000000000000000
        0.82675738288787536945
        0.83243576914226669050
        0.83796422133784687070
        0.84342045389717101855
        0.84884229420661005960
        0.85425125592458117652
        0.85966093151524836102
        0.86508060516626750225
        0.87051702174162082226
        0.87597533793548121306
        0.88145967162603400258
        0.88697343762747149487
        0.89251956253926689744
        0.89810062756038377962
        0.90371896651166983006
        0.90937673497806770229
        0.91507596024593929052
        0.92081857812666945140
        0.92660646061699925013
        0.93244143704874926648
        0.93832531053171119861
        0.94425987098140284903
        0.95024690564783775848
        0.95628820783678325501
        0.96238558434864818203
        0.96854086203965139568
        0.97475589383288951950
        0.98103256443682973487
        0.98737279599110483463
        0.99377855381194635243
        0.99964558326472929828
        1.00000000000000000000
        0.99999999999999988898
        1.00000000000000000000
        1.00000000000000000000
        1.00000000000000000000
        1.00000000000000000000
        1.00000000000000000000
        1.00000000000000000000
        1.00000000000000000000
        1.00000000000000000000
        1.00000000000000000000
        1.00000000000000000000
        1.00000000000000000000
        1.00000000000000000000
        1.00000000000000000000
        1.00000000000000000000
        1.00000000000000000000
        1.00000000000000000000
        1.00000000000000000000
        1.00000000000000000000
        0.99999999999999988898
        0.99999999999999988898
        0.99999999999999988898
        0.99999999999999988898
        1.00000000000000000000
        1.00000000000000000000
        1.00000000000000000000
        1.00000000000000000000
        1.00000000000000000000
        1.00000000000000000000
        0.99999999999999988898
        1.00000000000000000000
        1.00000000000000000000
        0.99999999999999988898
        1.00000000000000000000
        1.00000000000000000000
        1.00000000000000000000
        1.00000000000000000000
        1.00000000000000000000
        1.00000000000000000000
        1.00000000000000000000
        1.00000000000000000000
        1.00000000000000000000
        1.00000000000000000000
        1.00000000000000000000
        0.99999999999999988898
        1.00000000000000000000
        0.99999999999999988898
        1.00000000000000000000
        1.00000000000000000000
        1.00000000000000000000
        1.00000000000000000000
        1.00000000000000000000
        1.00000000000000000000
        1.00000000000000000000
        0.99999999999999988898
        1.00000000000000000000
        1.00000000000000000000
        1.00000000000000000000
        1.00000000000000000000
        1.00000000000000000000
        1.00000000000000000000
        1.00000000000000000000
        1.00000000000000000000
        1.00000000000000000000
        1.00000000000000000000
        1.00000000000000000000
        0.99999999999999988898
        0.99999999999999988898
        1.00000000000000000000
        1.00000000000000000000
        1.00000000000000000000
        1.00000000000000000000
        1.00000000000000000000
        1.00000000000000000000
        1.00000000000000000000
        1.00000000000000000000
        1.00000000000000000000
        1.00000000000000000000
        1.00000000000000022204
        1.00000000000000000000
        1.00000000000000000000
        1.00000000000000000000
        1.00000000000000000000
        1.00000000000000000000
        1.00000000000000000000
        1.00000000000000022204
        1.00000000000000000000
        1.00000000000000000000
        0.99999999999999988898
        1.00000000000000000000
        1.00000000000000000000
        1.00000000000000000000
        1.00000000000000000000
        0.99999999999999988898
        1.00000000000000022204
        1.00000000000000000000
        1.00000000000000000000
        1.00000000000000000000
        1.00000000000000000000
        1.00000000000000000000
        1.00000000000000000000
        1.00000000000000000000
        1.00000000000000000000
        0.99999999999999988898
        1.00000000000000000000
        1.00000000000000000000
        0.99999999999999988898
        1.00000000000000000000
        0.99999999999999988898
        0.99999999999999988898
        1.00000000000000000000
        0.99999999999999988898
        1.00000000000000000000
        1.00000000000000000000
        0.99999999999999988898
        1.00000000000000022204
        1.00000000000000000000
        1.00000000000000000000
        1.00000000000000000000
        1.00000000000000000000
        1.00000000000000000000
        0.99999999999999988898
        0.99999999999999988898
        0.99999999999999988898
        0.99999999999999988898
        1.00000000000000000000
        0.99999999999999988898
        1.00000000000000000000
        1.00000000000000000000
        1.00000000000000000000
        1.00000000000000000000
        1.00000000000000000000
        1.00000000000000000000
        1.00000000000000000000
        1.00000000000000000000
        0.99999999999999988898
        1.00000000000000000000
        0.99999999999999988898
        1.00000000000000000000
        1.00000000000000000000
        1.00000000000000000000
        1.00000000000000000000
        1.00000000000000000000
        1.00000000000000000000
        1.00000000000000000000
        0.99999999999999988898
        1.00000000000000000000
        1.00000000000000000000
        1.00000000000000000000
        1.00000000000000000000
        1.00000000000000000000
        1.00000000000000000000
        1.00000000000000022204
